<?xml version="1.0" encoding="utf-8"?>
<?pm chk="51e3656e"?>

<object name="C4" type="polytope::Polytope&lt;Rational&gt;" version="2.12" xmlns="http://www.math.tu-berlin.de/polymake/#3">
  <credit product="cddlib"><![CDATA[
Copyright by Komei Fukuda.
http://www.ifor.math.ethz.ch/~fukuda/cdd_home/cdd.html
]]></credit>
  <property name="EQUATIONS">
    <m>
      <v>0 0 0 1 1 0 0 0 0 0 0 0 0 0 0 -1 -1</v>
      <v>0 1 0 1 0 -1 -1 0 0 0 0 0 0 0 0 0 0</v>
      <v>0 0 1 0 1 0 0 -1 -1 0 0 0 0 0 0 0 0</v>
      <v>0 0 0 0 0 1 0 1 0 -1 -1 0 0 0 0 0 0</v>
      <v>0 0 0 0 0 0 1 0 1 0 0 -1 -1 0 0 0 0</v>
      <v>0 0 0 0 0 0 0 0 0 1 0 1 0 -1 0 -1 0</v>
      <v>0 0 0 0 0 0 0 0 0 0 1 0 1 0 -1 0 -1</v>
      <v>-1 1 1 1 1 0 0 0 0 0 0 0 0 0 0 0 0</v>
    </m>
  </property>
  <property name="INEQUALITIES">
    <m>
      <v>0 1 0 0 0 0 0 0 0 0 0 0 0 0 0 0 0</v>
      <v>0 0 1 0 0 0 0 0 0 0 0 0 0 0 0 0 0</v>
      <v>0 0 0 1 0 0 0 0 0 0 0 0 0 0 0 0 0</v>
      <v>0 0 0 0 1 0 0 0 0 0 0 0 0 0 0 0 0</v>
      <v>0 0 0 0 0 1 0 0 0 0 0 0 0 0 0 0 0</v>
      <v>0 0 0 0 0 0 1 0 0 0 0 0 0 0 0 0 0</v>
      <v>0 0 0 0 0 0 0 1 0 0 0 0 0 0 0 0 0</v>
      <v>0 0 0 0 0 0 0 0 1 0 0 0 0 0 0 0 0</v>
      <v>0 0 0 0 0 0 0 0 0 1 0 0 0 0 0 0 0</v>
      <v>0 0 0 0 0 0 0 0 0 0 1 0 0 0 0 0 0</v>
      <v>0 0 0 0 0 0 0 0 0 0 0 1 0 0 0 0 0</v>
      <v>0 0 0 0 0 0 0 0 0 0 0 0 1 0 0 0 0</v>
      <v>0 0 0 0 0 0 0 0 0 0 0 0 0 1 0 0 0</v>
      <v>0 0 0 0 0 0 0 0 0 0 0 0 0 0 1 0 0</v>
      <v>0 0 0 0 0 0 0 0 0 0 0 0 0 0 0 1 0</v>
      <v>0 0 0 0 0 0 0 0 0 0 0 0 0 0 0 0 1</v>
      <v>1 0 0 0 0 0 0 0 0 0 0 0 0 0 0 0 0</v>
    </m>
  </property>
  <property name="FEASIBLE" value="true" />
  <property name="CONE_AMBIENT_DIM" value="17" />
  <property name="LINEALITY_SPACE">
    <m />
  </property>
  <property name="LINEALITY_DIM" value="0" />
  <property name="POINTED" value="true" />
  <property name="BOUNDED" value="true" />
  <property name="VERTICES">
    <m>
      <v>1 1 0 0 0 0 1 0 0 0 0 1 0 1 0 0 0</v>
      <v>1 1 0 0 0 0 1 0 0 0 0 0 1 0 1 0 0</v>
      <v>1 1 0 0 0 1 0 0 0 1 0 0 0 1 0 0 0</v>
      <v>1 1 0 0 0 1 0 0 0 0 1 0 0 0 1 0 0</v>
      <v>1 1/2 0 0 1/2 0 1/2 1/2 0 0 1/2 1/2 0 0 1/2 1/2 0</v>
      <v>1 1/2 0 0 1/2 0 1/2 1/2 0 1/2 0 0 1/2 1/2 0 0 1/2</v>
      <v>1 1/2 0 0 1/2 1/2 0 0 1/2 0 1/2 1/2 0 1/2 0 0 1/2</v>
      <v>1 1/2 0 0 1/2 1/2 0 0 1/2 1/2 0 0 1/2 0 1/2 1/2 0</v>
      <v>1 0 1/2 1/2 0 1/2 0 0 1/2 0 1/2 1/2 0 0 1/2 1/2 0</v>
      <v>1 0 1/2 1/2 0 1/2 0 0 1/2 1/2 0 0 1/2 1/2 0 0 1/2</v>
      <v>1 0 1/2 1/2 0 0 1/2 1/2 0 1/2 0 0 1/2 0 1/2 1/2 0</v>
      <v>1 0 1/2 1/2 0 0 1/2 1/2 0 0 1/2 1/2 0 1/2 0 0 1/2</v>
      <v>1 0 1 0 0 0 0 0 1 0 0 0 1 0 1 0 0</v>
      <v>1 0 1 0 0 0 0 0 1 0 0 1 0 1 0 0 0</v>
      <v>1 0 1 0 0 0 0 1 0 0 1 0 0 0 1 0 0</v>
      <v>1 0 1 0 0 0 0 1 0 1 0 0 0 1 0 0 0</v>
      <v>1 0 0 1 0 0 1 0 0 0 0 1 0 0 0 1 0</v>
      <v>1 0 0 1 0 0 1 0 0 0 0 0 1 0 0 0 1</v>
      <v>1 0 0 1 0 1 0 0 0 1 0 0 0 0 0 1 0</v>
      <v>1 0 0 1 0 1 0 0 0 0 1 0 0 0 0 0 1</v>
      <v>1 0 0 0 1 0 0 1 0 1 0 0 0 0 0 1 0</v>
      <v>1 0 0 0 1 0 0 1 0 0 1 0 0 0 0 0 1</v>
      <v>1 0 0 0 1 0 0 0 1 0 0 1 0 0 0 1 0</v>
      <v>1 0 0 0 1 0 0 0 1 0 0 0 1 0 0 0 1</v>
    </m>
  </property>
  <property name="N_VERTICES" value="24" />
  <property name="AFFINE_HULL">
    <m>
      <v>-1 1 1 1 1 0 0 0 0 0 0 0 0 0 0 0 0</v>
      <v>-1/2 -1/2 1/2 -1/2 1/2 1 1 0 0 0 0 0 0 0 0 0 0</v>
      <v>-2/3 1/3 -1/3 1/3 -1/3 1/3 1/3 1 1 0 0 0 0 0 0 0 0</v>
      <v>-1/2 0 0 0 0 -1/2 1/2 -1/2 1/2 1 1 0 0 0 0 0 0</v>
      <v>-2/3 0 0 0 0 1/3 -1/3 1/3 -1/3 1/3 1/3 1 1 0 0 0 0</v>
      <v>-1/2 -1/2 -1/2 1/2 1/2 0 0 0 0 0 0 0 0 1 1 0 0</v>
      <v>-1/3 1/6 1/6 -1/6 -1/6 0 0 0 0 -1/2 1/2 -1/2 1/2 2/3 -1/3 1 0</v>
      <v>-1/2 1/4 1/4 -1/4 -1/4 0 0 0 0 1/4 -1/4 1/4 -1/4 0 1/2 1/2 1</v>
    </m>
  </property>
  <property name="CONE_DIM" value="9" />
  <property name="VOLUME" value="0" />
</object>
