
Non-contextual polytope
------------------------------
constraints: 
0: -x1 - x2 - x3 - x4 - x5 - x6 - x7 - x8 >= -1
1: -x1 - x2 - x3 + x4 - x5 - x6 - x7 - x8 >= -1
2: -x1 - x2 + x3 - x4 - x5 - x6 - x7 - x8 >= -1
3: -x1 - x2 + x3 + x4 - x5 - x6 - x7 - x8 >= -1
4: -x1 + x2 - x3 - x4 - x5 - x6 - x7 - x8 >= -1
5: -x1 + x2 - x3 + x4 - x5 - x6 - x7 + x8 >= -1
6: -x1 + x2 + x3 - x4 - x5 - x6 + x7 - x8 >= -1
7: -x1 + x2 + x3 + x4 - x5 - x6 + x7 + x8 >= -1
8: x1 - x2 - x3 - x4 - x5 - x6 - x7 - x8 >= -1
9: x1 - x2 - x3 + x4 - x5 + x6 - x7 - x8 >= -1
10: x1 - x2 + x3 - x4 + x5 - x6 - x7 - x8 >= -1
11: x1 - x2 + x3 + x4 + x5 + x6 - x7 - x8 >= -1
12: x1 + x2 - x3 - x4 - x5 - x6 - x7 - x8 >= -1
13: x1 + x2 - x3 + x4 - x5 + x6 - x7 + x8 >= -1
14: x1 + x2 + x3 - x4 + x5 - x6 + x7 - x8 >= -1
15: x1 + x2 + x3 + x4 + x5 + x6 + x7 + x8 >= -1

vertices: 
1 -1 -1 -1 -1 -1 -1 -1 -1
1 -1 -1 -1 1 -1 -1 -1 -1
1 -1 -1 1 -1 -1 -1 -1 -1
1 -1 -1 1 1 -1 -1 -1 -1
1 -1 1 -1 -1 -1 -1 -1 -1
1 -1 1 -1 1 -1 -1 -1 1
1 -1 1 1 -1 -1 -1 1 -1
1 -1 1 1 1 -1 -1 1 1
1 1 -1 -1 -1 -1 -1 -1 -1
1 1 -1 -1 1 -1 1 -1 -1
1 1 -1 1 -1 1 -1 -1 -1
1 1 -1 1 1 1 1 -1 -1
1 1 1 -1 -1 -1 -1 -1 -1
1 1 1 -1 1 -1 1 -1 1
1 1 1 1 -1 1 -1 1 -1
1 1 1 1 1 1 1 1 1

facets: 
1 0 0 0 0 0 1 0 0
1 0 0 0 0 0 0 0 1
2 -1 0 0 -1 1 1 -1 1
2 0 -1 0 -1 -1 1 1 1
2 0 -1 -1 0 1 -1 1 1
2 -1 0 -1 0 1 1 1 -1
1 0 0 0 0 1 0 0 0
1 0 0 0 0 0 0 1 0
0 1 0 0 1 -1 -1 1 -1
0 0 1 0 1 1 -1 -1 -1
0 0 1 1 0 -1 1 -1 -1
0 1 0 1 0 -1 -1 -1 1
0 1 0 0 0 0 -1 0 0
0 0 1 0 0 0 0 0 -1
0 0 0 1 0 0 0 -1 0
0 0 0 1 0 -1 0 0 0
0 1 0 0 0 -1 0 0 0
0 0 1 0 0 0 0 -1 0
0 0 0 0 1 0 0 0 -1
0 0 0 0 1 0 -1 0 0
1 0 -1 0 -1 0 0 0 1
1 -1 0 0 -1 0 1 0 0
1 0 -1 -1 0 0 0 1 0
1 -1 0 -1 0 1 0 0 0

vertices in facets: 
{0 1 2 3 4 5 6 7 8 10 12 14}
{0 1 2 3 4 6 8 9 10 11 12 14}
{1 3 6 7 8 9 12 14}
{1 3 4 5 10 11 12 14}
{2 3 4 6 9 11 12 13}
{2 3 5 7 8 10 12 13}
{0 1 2 3 4 5 6 7 8 9 12 13}
{0 1 2 3 4 5 8 9 10 11 12 13}
{0 2 4 5 10 11 13 15}
{0 2 6 7 8 9 13 15}
{0 1 5 7 8 10 14 15}
{0 1 4 6 9 11 14 15}
{0 1 2 3 4 5 6 7 9 11 13 15}
{0 1 2 3 5 7 8 9 10 11 13 15}
{0 1 4 5 6 7 8 9 12 13 14 15}
{0 1 4 5 8 9 10 11 12 13 14 15}
{0 1 2 3 4 5 6 7 10 11 14 15}
{0 1 2 3 6 7 8 9 10 11 14 15}
{0 2 4 5 6 7 8 10 12 13 14 15}
{0 2 4 6 8 9 10 11 12 13 14 15}
{1 3 4 5 6 7 9 11 12 13 14 15}
{1 3 5 7 8 9 10 11 12 13 14 15}
{2 3 4 5 6 7 10 11 12 13 14 15}
{2 3 6 7 8 9 10 11 12 13 14 15}


dimension: 
8

bounded?: 
1

volume: 
128/315


No-disturbance polytope
------------------------------
constraints:
0: -x1 - x2 - x3 - x4 - x5 - x6 - x7 - x8 >= -1
1: -x1 - x2 - x3 + x4 - x5 - x6 - x7 - x8 >= -1
2: -x1 - x2 + x3 - x4 - x5 - x6 - x7 - x8 >= -1
3: -x1 - x2 + x3 + x4 - x5 - x6 - x7 - x8 >= -1
4: -x1 + x2 - x3 - x4 - x5 - x6 - x7 - x8 >= -1
5: -x1 + x2 - x3 + x4 - x5 - x6 - x7 + x8 >= -1
6: -x1 + x2 + x3 - x4 - x5 - x6 + x7 - x8 >= -1
7: -x1 + x2 + x3 + x4 - x5 - x6 + x7 + x8 >= -1
8: x1 - x2 - x3 - x4 - x5 - x6 - x7 - x8 >= -1
9: x1 - x2 - x3 + x4 - x5 + x6 - x7 - x8 >= -1
10: x1 - x2 + x3 - x4 + x5 - x6 - x7 - x8 >= -1
11: x1 - x2 + x3 + x4 + x5 + x6 - x7 - x8 >= -1
12: x1 + x2 - x3 - x4 - x5 - x6 - x7 - x8 >= -1
13: x1 + x2 - x3 + x4 - x5 + x6 - x7 + x8 >= -1
14: x1 + x2 + x3 - x4 + x5 - x6 + x7 - x8 >= -1
15: x1 + x2 + x3 + x4 + x5 + x6 + x7 + x8 >= -1
16: x5 + x6 + x7 - x8 >= -1
17: x5 + x6 - x7 + x8 >= -1
18: x5 - x6 + x7 + x8 >= -1
19: -x5 + x6 + x7 + x8 >= -1
20: x5 - x6 - x7 - x8 >= -1
21: -x5 + x6 - x7 - x8 >= -1
22: -x5 - x6 + x7 - x8 >= -1
23: -x5 - x6 - x7 + x8 >= -1

vertices: 
1 -1 -1 -1 -1 -1 -1 -1 -1
1 -1 -1 -1 1 -1 -1 -1 -1
1 -1 -1 1 -1 -1 -1 -1 -1
1 -1 -1 1 1 -1 -1 -1 -1
1 -1 1 -1 -1 -1 -1 -1 -1
1 -1 1 -1 1 -1 -1 -1 1
1 -1 1 1 -1 -1 -1 1 -1
1 -1 1 1 1 -1 -1 1 1
1 1 -1 -1 -1 -1 -1 -1 -1
1 1 -1 -1 1 -1 1 -1 -1
1 1 -1 1 -1 1 -1 -1 -1
1 1 -1 1 1 1 1 -1 -1
1 1 1 -1 -1 -1 -1 -1 -1
1 1 1 -1 1 -1 1 -1 1
1 1 1 1 -1 1 -1 1 -1
1 1 1 1 1 1 1 1 1
1 0 0 0 0 1 1 1 -1
1 0 0 0 0 1 1 -1 1
1 0 0 0 0 1 -1 1 1
1 0 0 0 0 -1 1 1 1
1 0 0 0 0 1 -1 -1 -1
1 0 0 0 0 -1 1 -1 -1
1 0 0 0 0 -1 -1 1 -1
1 0 0 0 0 -1 -1 -1 1

facets: 
2 -1 1 -1 1 1 -1 -1 1
2 -1 1 1 -1 -1 1 -1 1
2 1 -1 -1 1 -1 -1 1 1
2 0 1 0 -1 -1 1 -1 1
2 1 -1 1 -1 -1 1 -1 1
2 1 0 1 0 -1 1 -1 1
2 1 0 0 -1 -1 1 -1 1
1 1 0 0 1 -1 0 0 0
2 1 1 0 4 -1 -1 -1 -1
2 0 1 1 0 -1 1 -1 1
2 -1 1 -1 1 1 1 -1 -1
1 0 1 0 1 0 0 -1 0
2 1 -1 -1 1 -1 1 1 -1
2 1 1 0 0 -1 1 -1 1
2 0 -1 2 -1 -1 1 -1 1
2 -1 0 2 -1 -1 1 -1 1
1 0 0 0 2 0 0 0 -1
1 0 0 0 2 0 -1 0 0
1 0 0 0 0 0 1 0 0
1 0 0 1 1 -1 0 0 0
1 0 0 1 1 0 0 -1 0
2 0 0 2 0 -1 1 -1 1
1 0 0 0 0 0 0 0 1
2 0 0 2 4 -1 -1 -1 -1
2 -1 0 0 1 1 -1 -1 1
2 0 -1 0 1 -1 -1 1 1
2 0 -1 0 1 -1 1 1 -1
2 -1 0 0 1 1 1 -1 -1
2 0 1 1 4 -1 -1 -1 -1
2 1 0 1 4 -1 -1 -1 -1
2 0 0 1 1 -1 -1 1 1
2 0 0 1 1 1 -1 -1 1
2 0 0 1 1 1 1 -1 -1
2 0 0 1 1 -1 1 1 -1
2 1 0 0 1 -1 1 1 -1
2 1 1 0 0 -1 1 1 -1
2 1 0 -1 0 -1 1 1 -1
2 0 1 1 0 -1 1 1 -1
2 -1 2 -1 0 1 1 -1 -1
2 0 1 1 0 1 1 -1 -1
2 0 1 0 1 1 1 -1 -1
2 0 2 0 0 1 1 -1 -1
1 1 0 0 1 0 0 0 -1
1 1 1 0 0 0 0 0 -1
2 4 2 0 0 -1 -1 -1 -1
2 4 1 0 1 -1 -1 -1 -1
2 4 1 1 0 -1 -1 -1 -1
2 4 0 1 1 -1 -1 -1 -1
1 1 0 1 0 0 0 -1 0
1 1 1 0 0 0 0 -1 0
1 2 0 0 0 0 -1 0 0
1 2 0 0 0 -1 0 0 0
2 -1 2 0 -1 1 1 -1 -1
2 1 0 1 0 1 -1 -1 1
2 1 0 0 -1 1 -1 -1 1
2 1 1 0 0 1 -1 -1 1
2 0 1 0 1 1 -1 -1 1
2 2 4 0 0 -1 -1 -1 -1
2 1 4 1 0 -1 -1 -1 -1
2 0 1 -1 0 1 -1 -1 1
2 0 1 0 -1 -1 1 1 -1
2 1 4 0 1 -1 -1 -1 -1
1 1 1 0 0 0 -1 0 0
2 1 0 1 0 -1 -1 1 1
2 2 0 0 0 -1 -1 1 1
2 2 -1 -1 0 -1 -1 1 1
2 2 -1 0 -1 -1 -1 1 1
2 1 0 0 1 -1 -1 1 1
1 1 1 0 0 -1 0 0 0
2 0 4 1 1 -1 -1 -1 -1
1 0 1 1 0 -1 0 0 0
1 0 1 0 1 0 -1 0 0
1 0 2 0 0 0 0 0 -1
1 0 2 0 0 0 0 -1 0
2 1 0 4 1 -1 -1 -1 -1
2 0 1 4 1 -1 -1 -1 -1
2 -1 0 1 0 1 1 -1 -1
2 0 -1 1 0 1 -1 -1 1
2 0 -1 1 0 -1 -1 1 1
2 -1 0 1 0 -1 1 1 -1
2 0 0 4 2 -1 -1 -1 -1
2 -1 1 1 -1 -1 1 1 -1
2 -1 1 -1 1 1 -1 1 -1
2 1 -1 1 -1 -1 -1 1 1
2 0 1 -1 0 1 -1 1 -1
1 0 1 1 0 0 0 0 -1
2 1 1 0 0 1 -1 1 -1
2 1 -1 1 -1 1 -1 -1 1
2 -1 1 1 -1 1 1 -1 -1
2 0 1 0 1 1 -1 1 -1
2 1 1 4 0 -1 -1 -1 -1
1 1 0 1 0 0 -1 0 0
2 1 0 0 1 1 -1 1 -1
2 1 0 -1 0 1 -1 1 -1
2 1 -1 -1 1 1 -1 1 -1
2 0 -1 -1 2 1 -1 1 -1
2 -1 0 -1 2 1 -1 1 -1
2 0 0 0 2 1 -1 1 -1
1 0 0 1 1 0 0 0 -1
1 0 0 1 1 0 -1 0 0
1 0 0 2 0 0 0 -1 0
1 0 0 2 0 -1 0 0 0
1 0 0 0 0 1 0 0 0
1 0 0 0 0 0 0 1 0
2 2 1 1 -2 -1 -1 -1 -1
2 2 1 -2 1 -1 -1 -1 -1
2 1 2 1 -2 -1 -1 -1 -1
2 1 2 -2 1 -1 -1 -1 -1
2 2 -2 1 1 -1 -1 -1 -1
2 -2 2 1 1 -1 -1 -1 -1
2 -2 1 0 -1 1 1 -1 -1
2 -2 1 2 1 -1 -1 -1 -1
2 1 -2 0 -1 -1 -1 1 1
2 -1 0 0 -1 -1 1 1 -1
2 0 -1 0 -1 1 -1 -1 1
2 1 -2 2 1 -1 -1 -1 -1
2 -1 0 -2 1 1 -1 1 -1
2 0 -1 -2 1 1 -1 1 -1
2 1 1 2 -2 -1 -1 -1 -1
2 1 1 -2 2 -1 -1 -1 -1
2 -2 1 -1 0 1 1 -1 -1
2 -2 1 1 2 -1 -1 -1 -1
2 1 -2 -1 0 -1 -1 1 1
2 0 -1 -1 0 -1 1 1 -1
2 -1 0 -1 0 1 -1 -1 1
2 1 -2 1 2 -1 -1 -1 -1
2 0 -1 1 -2 -1 1 -1 1
2 -1 0 1 -2 -1 1 -1 1
1 0 0 1 -1 0 0 -1 0
1 0 0 1 -1 -1 0 0 0
2 0 0 -2 0 1 -1 1 -1
1 1 0 0 -1 0 -1 0 0
1 0 1 0 -1 0 0 0 -1
1 1 -1 0 0 0 -1 0 0
1 -1 1 0 0 0 0 0 -1
2 -2 2 -1 -1 1 1 -1 -1
1 0 1 -1 0 0 0 0 -1
2 2 -2 -1 -1 -1 -1 1 1
1 0 1 0 -1 0 0 -1 0
2 0 0 -1 -1 -1 1 1 -1
2 2 2 -2 0 -1 -1 -1 -1
1 1 0 -1 0 0 -1 0 0
2 0 0 -1 -1 1 -1 -1 1
2 2 2 0 -2 -1 -1 -1 -1
1 1 0 0 -1 -1 0 0 0
1 -1 1 0 0 0 0 -1 0
1 1 -1 0 0 -1 0 0 0
2 0 -2 2 2 -1 -1 -1 -1
2 -1 -1 0 0 1 -1 -1 1
2 -1 -1 0 0 -1 1 1 -1
2 0 -2 0 0 -1 -1 1 1
2 -2 0 2 2 -1 -1 -1 -1
2 -2 0 0 0 1 1 -1 -1
1 0 -1 1 0 -1 0 0 0
1 -1 0 1 0 0 0 -1 0
1 0 0 -1 1 0 0 0 -1
2 0 0 0 -2 -1 1 -1 1
1 0 0 -1 1 0 -1 0 0
1 0 1 -1 0 0 0 -1 0
1 1 0 -1 0 -1 0 0 0
1 0 -1 0 1 0 -1 0 0
1 -1 0 0 1 0 0 0 -1
1 0 -1 0 1 0 0 0 -1
1 0 -1 1 0 0 0 -1 0
2 -1 -1 2 -2 -1 1 -1 1
2 -1 -1 -2 2 1 -1 1 -1
1 -1 0 1 0 -1 0 0 0
1 -1 0 0 1 0 -1 0 0
1 0 -1 0 -1 0 0 0 1
1 -1 0 -1 0 1 0 0 0
1 0 -1 -1 0 0 0 1 0
1 -1 0 0 -1 0 1 0 0

vertices in facets: 
{2 6 8 9 10 11 14 16 19 21 22}
{1 8 9 10 11 14 16 18 20 22}
{2 4 6 10 11 14 16 17 20 21}
{1 3 10 11 14 16 18 20 22}
{1 4 5 6 7 14 16 18 20 22}
{0 1 4 6 14 16 18 20 22}
{1 3 6 7 14 16 18 20 22}
{0 2 4 6 10 14 16 17 18 20}
{0 2 6 10 14 16 17 18 19}
{0 1 8 10 14 16 18 20 22}
{2 6 7 8 10 14 18 19 22 23}
{0 2 6 8 10 14 16 18 19 22}
{2 4 5 6 7 10 14 17 18 20 23}
{0 1 2 3 6 10 14 16 18 20 22}
{1 4 5 12 14 16 18 20 22}
{1 8 9 12 14 16 18 20 22}
{0 2 4 6 8 10 12 14 17 18 19 23}
{0 2 4 6 8 10 12 14 16 17 19 21}
{0 1 2 3 4 5 6 7 8 10 12 14 18 20 22 23}
{0 4 8 10 12 14 16 17 18 20}
{0 4 6 8 12 14 16 18 19 22}
{0 1 4 8 12 14 16 18 20 22}
{0 1 2 3 4 6 8 9 10 11 12 14 16 20 21 22}
{0 4 8 12 14 16 17 18 19}
{6 8 9 12 14 16 19 21 22}
{4 10 11 12 14 16 17 20 21}
{4 5 10 12 14 17 18 20 23}
{6 7 8 12 14 18 19 22 23}
{0 8 10 14 16 17 18 19}
{0 4 6 14 16 17 18 19}
{0 4 8 9 10 11 12 16 17 20 21}
{0 4 6 8 9 12 16 19 21 22}
{0 4 5 6 7 8 12 18 19 22 23}
{0 4 5 8 10 12 17 18 20 23}
{0 2 4 5 10 17 18 20 23}
{0 1 2 3 5 10 17 18 20 23}
{2 3 5 7 10 17 18 20 23}
{0 1 5 8 10 17 18 20 23}
{2 3 7 8 10 18 19 22 23}
{0 1 5 7 8 18 19 22 23}
{0 2 6 7 8 18 19 22 23}
{0 1 2 3 7 8 18 19 22 23}
{0 2 4 5 6 7 17 18 19 23}
{0 1 2 3 5 7 17 18 19 23}
{0 1 2 3 7 16 17 18 19}
{0 2 6 7 16 17 18 19}
{0 1 5 7 16 17 18 19}
{0 4 5 6 7 16 17 18 19}
{0 1 4 5 6 7 16 18 19 22}
{0 1 2 3 6 7 16 18 19 22}
{0 1 2 3 4 5 6 7 16 17 19 21}
{0 1 2 3 4 5 6 7 16 17 18 20}
{1 3 7 8 9 18 19 22 23}
{0 1 4 6 9 16 19 21 22}
{1 3 6 7 9 16 19 21 22}
{0 1 2 3 6 9 16 19 21 22}
{0 2 6 8 9 16 19 21 22}
{0 1 2 3 11 16 17 18 19}
{0 1 9 11 16 17 18 19}
{2 3 6 9 11 16 19 21 22}
{1 3 5 10 11 17 18 20 23}
{0 2 10 11 16 17 18 19}
{0 1 2 3 9 11 16 17 19 21}
{0 1 4 9 11 16 17 20 21}
{0 1 2 3 4 11 16 17 20 21}
{2 3 4 6 11 16 17 20 21}
{1 3 4 5 11 16 17 20 21}
{0 2 4 10 11 16 17 20 21}
{0 1 2 3 10 11 16 17 18 20}
{0 8 9 10 11 16 17 18 19}
{0 1 8 9 10 11 16 17 18 20}
{0 2 8 9 10 11 16 17 19 21}
{0 1 2 3 8 9 10 11 17 18 19 23}
{0 1 2 3 8 9 10 11 16 18 19 22}
{0 4 5 13 16 17 18 19}
{0 8 9 13 16 17 18 19}
{5 7 8 12 13 18 19 22 23}
{4 6 9 12 13 16 19 21 22}
{4 9 11 12 13 16 17 20 21}
{5 8 10 12 13 17 18 20 23}
{0 4 8 12 13 16 17 18 19}
{1 5 8 9 10 11 13 17 18 20 23}
{2 8 9 10 11 13 17 19 21 23}
{1 4 5 9 11 13 16 17 20 21}
{2 3 9 11 13 17 19 21 23}
{0 1 5 8 9 13 17 18 19 23}
{0 1 2 3 5 9 13 17 19 21 23}
{1 4 5 6 7 9 13 16 19 21 22}
{1 5 7 8 9 13 18 19 22 23}
{0 2 8 9 13 17 19 21 23}
{0 1 5 9 13 16 17 18 19}
{0 1 4 5 9 13 16 17 19 21}
{0 2 4 5 13 17 19 21 23}
{2 3 5 7 13 17 19 21 23}
{2 4 5 6 7 13 17 19 21 23}
{2 4 6 12 13 17 19 21 23}
{2 8 10 12 13 17 19 21 23}
{0 2 4 8 12 13 17 19 21 23}
{0 4 5 8 12 13 17 18 19 23}
{0 4 8 9 12 13 16 17 19 21}
{0 1 4 5 8 9 12 13 16 18 19 22}
{0 1 4 5 8 9 12 13 16 17 18 20}
{0 1 2 3 4 5 6 7 8 9 12 13 19 21 22 23}
{0 1 2 3 4 5 8 9 10 11 12 13 17 20 21 23}
{1 5 7 15 16 17 18 19}
{2 6 7 15 16 17 18 19}
{1 9 11 15 16 17 18 19}
{2 10 11 15 16 17 18 19}
{4 5 6 7 15 16 17 18 19}
{8 9 10 11 15 16 17 18 19}
{7 8 9 13 15 18 19 22 23}
{8 9 13 15 16 17 18 19}
{4 5 11 13 15 16 17 20 21}
{5 10 11 13 15 17 18 20 23}
{6 7 9 13 15 16 19 21 22}
{4 5 13 15 16 17 18 19}
{2 10 11 13 15 17 19 21 23}
{2 6 7 13 15 17 19 21 23}
{1 5 9 13 15 16 17 18 19}
{2 6 10 14 15 16 17 18 19}
{7 8 10 14 15 18 19 22 23}
{8 10 14 15 16 17 18 19}
{4 6 11 14 15 16 17 20 21}
{5 7 10 14 15 17 18 20 23}
{6 9 11 14 15 16 19 21 22}
{4 6 14 15 16 17 18 19}
{1 5 7 14 15 16 18 20 22}
{1 9 11 14 15 16 18 20 22}
{1 5 7 9 13 15 16 18 19 22}
{1 5 9 11 13 15 16 17 18 20}
{2 3 7 11 13 15 17 19 21 23}
{1 3 5 7 9 11 13 15 16 17 19 21}
{1 3 5 7 9 11 13 15 17 18 19 23}
{4 5 6 7 13 15 16 17 19 21}
{8 9 10 11 13 15 17 18 19 23}
{3 7 8 9 10 11 15 18 19 22 23}
{2 3 7 10 11 15 17 18 19 23}
{3 4 5 6 7 11 15 16 17 20 21}
{1 3 7 9 11 15 16 18 19 22}
{3 5 7 10 11 15 17 18 20 23}
{2 3 7 11 15 16 17 18 19}
{2 3 6 7 11 15 16 17 19 21}
{3 6 7 9 11 15 16 19 21 22}
{1 3 7 11 15 16 17 18 19}
{1 3 5 7 11 15 16 17 18 20}
{8 9 10 11 14 15 16 18 19 22}
{4 5 6 7 14 15 16 17 18 20}
{4 12 13 14 15 16 17 18 19}
{6 9 12 13 14 15 16 19 21 22}
{5 10 12 13 14 15 17 18 20 23}
{4 11 12 13 14 15 16 17 20 21}
{8 12 13 14 15 16 17 18 19}
{7 8 12 13 14 15 18 19 22 23}
{4 5 12 13 14 15 16 17 18 20}
{8 9 12 13 14 15 16 18 19 22}
{2 6 7 10 14 15 17 18 19 23}
{1 3 7 11 14 15 16 18 20 22}
{2 6 10 11 14 15 16 17 19 21}
{2 3 6 7 10 11 14 15 16 18 19 22}
{2 3 6 7 10 11 14 15 16 17 18 20}
{4 6 12 13 14 15 16 17 19 21}
{8 10 12 13 14 15 17 18 19 23}
{4 5 6 7 12 13 14 15 17 18 19 23}
{4 5 6 7 12 13 14 15 16 18 19 22}
{1 5 9 12 13 14 15 16 18 20 22}
{2 6 10 12 13 14 15 17 19 21 23}
{8 9 10 11 12 13 14 15 16 17 18 20}
{8 9 10 11 12 13 14 15 16 17 19 21}
{1 3 4 5 6 7 9 11 12 13 14 15 16 20 21 22}
{2 3 6 7 8 9 10 11 12 13 14 15 19 21 22 23}
{2 3 4 5 6 7 10 11 12 13 14 15 17 20 21 23}
{1 3 5 7 8 9 10 11 12 13 14 15 18 20 22 23}


dimension: 
8

bounded?: 
1

volume: 
1264/315
