Name of graph: 
twok2

KC / sufficient statistics matrix
[[1 1 1 1 0 0 0 0 0 0 0 0 0 0 0 0]
 [0 0 0 0 1 1 1 1 0 0 0 0 0 0 0 0]
 [0 0 0 0 0 0 0 0 1 1 1 1 0 0 0 0]
 [0 0 0 0 0 0 0 0 0 0 0 0 1 1 1 1]
 [1 0 0 0 1 0 0 0 1 0 0 0 1 0 0 0]
 [0 1 0 0 0 1 0 0 0 1 0 0 0 1 0 0]
 [0 0 1 0 0 0 1 0 0 0 1 0 0 0 1 0]
 [0 0 0 1 0 0 0 1 0 0 0 1 0 0 0 1]]

Full set of equalities (non-homogeneous rhs for normalization)
[[-1 -1 -1 -1  1  1  1  1  0]
 [ 1  1  1  1  0  0  0  0  1]
 [ 0  0  0  0  1  1  1  1  1]]

Reduced equalities (non-homogeneous rhs)
[[1 1 1 1 0 0 0 0 1]
 [0 0 0 0 1 1 1 1 1]]

Polymake reduced inequalities (homogeneous rhs in first column)
Each line describes one linear inequality.
The encoding is as follows: 
(a_0,a_1,...,a_d) is the inequality a_0 + a_1 x_1 + ... + a_d x_d >= 0.
[[ 1 -1 -1 -1  0  0  0]
 [ 1  0  0  0 -1 -1 -1]]

dimension 6

Volume of Boole polytope
1/36

Volume of Kolmogorov polytope
1/36

Volume ratio Boole:Kolmogorov
1.0

Vertices of Kolmogorov polytope
1 0 0 1 0 0 0
1 0 1 0 0 0 0
1 1 0 0 0 0 0
1 0 0 0 0 0 0
1 0 0 0 1 0 0
1 0 0 0 0 1 0
1 0 0 0 0 0 1
1 1 0 0 1 0 0
1 1 0 0 0 1 0
1 1 0 0 0 0 1
1 0 1 0 1 0 0
1 0 1 0 0 1 0
1 0 1 0 0 0 1
1 0 0 1 1 0 0
1 0 0 1 0 1 0
1 0 0 1 0 0 1

Name of graph: 
claw

KC / sufficient statistics matrix
[[1 1 1 1 0 0 0 0 0 0 0 0 0 0 0 0]
 [0 0 0 0 1 1 1 1 0 0 0 0 0 0 0 0]
 [0 0 0 0 0 0 0 0 1 1 1 1 0 0 0 0]
 [0 0 0 0 0 0 0 0 0 0 0 0 1 1 1 1]
 [1 1 0 0 1 1 0 0 0 0 0 0 0 0 0 0]
 [0 0 1 1 0 0 1 1 0 0 0 0 0 0 0 0]
 [0 0 0 0 0 0 0 0 1 1 0 0 1 1 0 0]
 [0 0 0 0 0 0 0 0 0 0 1 1 0 0 1 1]
 [1 0 1 0 1 0 1 0 0 0 0 0 0 0 0 0]
 [0 1 0 1 0 1 0 1 0 0 0 0 0 0 0 0]
 [0 0 0 0 0 0 0 0 1 0 1 0 1 0 1 0]
 [0 0 0 0 0 0 0 0 0 1 0 1 0 1 0 1]]

Full set of equalities (non-homogeneous rhs for normalization)
[[-1 -1  0  0  1  1  0  0  0  0  0  0  0]
 [ 0  0 -1 -1  0  0  1  1  0  0  0  0  0]
 [-1 -1  0  0  0  0  0  0  1  1  0  0  0]
 [ 0  0 -1 -1  0  0  0  0  0  0  1  1  0]
 [ 1  1  1  1  0  0  0  0  0  0  0  0  1]
 [ 0  0  0  0  1  1  1  1  0  0  0  0  1]
 [ 0  0  0  0  0  0  0  0  1  1  1  1  1]]

Reduced equalities (non-homogeneous rhs)
[[1 1 0 0 0 0 0 0 0 0 1 1 1]
 [0 0 1 1 0 0 0 0 0 0 -1 -1 0]
 [0 0 0 0 1 1 0 0 0 0 1 1 1]
 [0 0 0 0 0 0 1 1 0 0 -1 -1 0]
 [0 0 0 0 0 0 0 0 1 1 1 1 1]]

Polymake reduced inequalities (homogeneous rhs in first column)
Each line describes one linear inequality.
The encoding is as follows: 
(a_0,a_1,...,a_d) is the inequality a_0 + a_1 x_1 + ... + a_d x_d >= 0.
[[ 1 -1  0  0  0  0 -1 -1]
 [ 0  0 -1  0  0  0  1  1]
 [ 1  0  0 -1  0  0 -1 -1]
 [ 0  0  0  0 -1  0  1  1]
 [ 1  0  0  0  0 -1 -1 -1]]

dimension 7

Volume of Boole polytope
1/140

Volume of Kolmogorov polytope
1/140

Volume ratio Boole:Kolmogorov
1.0

Vertices of Kolmogorov polytope
1 1 0 1 0 0 0 0
1 0 0 1 0 0 0 0
1 0 0 0 0 0 0 0
1 1 0 0 0 0 0 0
1 0 0 0 0 1 0 0
1 1 0 0 0 1 0 0
1 0 0 1 0 1 0 0
1 1 0 1 0 1 0 0
1 0 1 0 0 0 0 1
1 0 1 0 0 0 1 0
1 0 1 0 1 0 1 0
1 0 1 0 1 0 0 1
1 0 0 0 1 0 1 0
1 0 0 0 1 0 0 1
1 0 0 0 0 0 1 0
1 0 0 0 0 0 0 1

Name of graph: 
P4

KC / sufficient statistics matrix
[[1 1 1 1 0 0 0 0 0 0 0 0 0 0 0 0]
 [0 0 0 0 1 1 1 1 0 0 0 0 0 0 0 0]
 [0 0 0 0 0 0 0 0 1 1 1 1 0 0 0 0]
 [0 0 0 0 0 0 0 0 0 0 0 0 1 1 1 1]
 [1 1 0 0 0 0 0 0 1 1 0 0 0 0 0 0]
 [0 0 1 1 0 0 0 0 0 0 1 1 0 0 0 0]
 [0 0 0 0 1 1 0 0 0 0 0 0 1 1 0 0]
 [0 0 0 0 0 0 1 1 0 0 0 0 0 0 1 1]
 [1 0 0 0 1 0 0 0 1 0 0 0 1 0 0 0]
 [0 1 0 0 0 1 0 0 0 1 0 0 0 1 0 0]
 [0 0 1 0 0 0 1 0 0 0 1 0 0 0 1 0]
 [0 0 0 1 0 0 0 1 0 0 0 1 0 0 0 1]]

Full set of equalities (non-homogeneous rhs for normalization)
[[-1  0 -1  0  1  1  0  0  0  0  0  0  0]
 [ 0 -1  0 -1  0  0  1  1  0  0  0  0  0]
 [ 0  0  0  0 -1  0 -1  0  1  1  0  0  0]
 [-1 -1 -1 -1  1  0  1  0  0  0  1  1  0]
 [ 1  1  1  1  0  0  0  0  0  0  0  0  1]
 [ 0  0  0  0  1  1  1  1  0  0  0  0  1]
 [ 0  0  0  0  0  0  0  0  1  1  1  1  1]]

Reduced equalities (non-homogeneous rhs)
[[1 0 1 0 0 0 1 1 0 0 0 0 1]
 [0 1 0 1 0 0 -1 -1 0 0 0 0 0]
 [0 0 0 0 1 0 1 0 0 0 1 1 1]
 [0 0 0 0 0 1 0 1 0 0 -1 -1 0]
 [0 0 0 0 0 0 0 0 1 1 1 1 1]]

Polymake reduced inequalities (homogeneous rhs in first column)
Each line describes one linear inequality.
The encoding is as follows: 
(a_0,a_1,...,a_d) is the inequality a_0 + a_1 x_1 + ... + a_d x_d >= 0.
[[ 1 -1  0 -1 -1  0  0  0]
 [ 0  0 -1  1  1  0  0  0]
 [ 1  0  0 -1  0  0 -1 -1]
 [ 0  0  0  0 -1  0  1  1]
 [ 1  0  0  0  0 -1 -1 -1]]

dimension 7

Volume of Boole polytope
17/2520

Volume of Kolmogorov polytope
17/2520

Volume ratio Boole:Kolmogorov
1.0

Vertices of Kolmogorov polytope
1 0 0 1 0 0 0 0
1 0 1 1 0 0 0 0
1 0 0 0 0 0 0 0
1 1 0 0 0 0 0 0
1 0 0 0 0 1 0 0
1 1 0 0 0 1 0 0
1 0 1 1 0 1 0 0
1 0 0 1 0 1 0 0
1 0 0 0 0 0 1 0
1 1 0 0 0 0 1 0
1 0 0 0 0 0 0 1
1 1 0 0 0 0 0 1
1 0 1 0 1 0 1 0
1 0 1 0 1 0 0 1
1 0 0 0 1 0 1 0
1 0 0 0 1 0 0 1

Name of graph: 
C4

KC / sufficient statistics matrix
[[1 1 1 1 0 0 0 0 0 0 0 0 0 0 0 0]
 [0 0 0 0 1 1 1 1 0 0 0 0 0 0 0 0]
 [0 0 0 0 0 0 0 0 1 1 1 1 0 0 0 0]
 [0 0 0 0 0 0 0 0 0 0 0 0 1 1 1 1]
 [1 0 1 0 1 0 1 0 0 0 0 0 0 0 0 0]
 [0 1 0 1 0 1 0 1 0 0 0 0 0 0 0 0]
 [0 0 0 0 0 0 0 0 1 0 1 0 1 0 1 0]
 [0 0 0 0 0 0 0 0 0 1 0 1 0 1 0 1]
 [1 1 0 0 0 0 0 0 1 1 0 0 0 0 0 0]
 [0 0 1 1 0 0 0 0 0 0 1 1 0 0 0 0]
 [0 0 0 0 1 1 0 0 0 0 0 0 1 1 0 0]
 [0 0 0 0 0 0 1 1 0 0 0 0 0 0 1 1]
 [1 0 0 0 1 0 0 0 1 0 0 0 1 0 0 0]
 [0 1 0 0 0 1 0 0 0 1 0 0 0 1 0 0]
 [0 0 1 0 0 0 1 0 0 0 1 0 0 0 1 0]
 [0 0 0 1 0 0 0 1 0 0 0 1 0 0 0 1]]

Full set of equalities (non-homogeneous rhs for normalization)
[[-1 -1  0  0  1  1  0  0  0  0  0  0  0  0  0  0  0]
 [ 0  0 -1 -1  0  0  1  1  0  0  0  0  0  0  0  0  0]
 [-1  0 -1  0  0  0  0  0  1  1  0  0  0  0  0  0  0]
 [ 0 -1  0 -1  0  0  0  0  0  0  1  1  0  0  0  0  0]
 [ 0  0  0  0  0  0  0  0 -1  0 -1  0  1  1  0  0  0]
 [ 0  0  0  0 -1  0 -1  0  0  0  0  0  1  0  1  0  0]
 [-1 -1 -1 -1  1  0  1  0  1  0  1  0 -1  0  0  1  0]
 [ 1  1  1  1  0  0  0  0  0  0  0  0  0  0  0  0  1]
 [ 0  0  0  0  1  1  1  1  0  0  0  0  0  0  0  0  1]
 [ 0  0  0  0  0  0  0  0  1  1  1  1  0  0  0  0  1]
 [ 0  0  0  0  0  0  0  0  0  0  0  0  1  1  1  1  1]]

Reduced equalities (non-homogeneous rhs)
[[1 0 0 -1 0 0 1 1 0 0 1 1 0 0 0 0 1]
 [0 1 0 1 0 0 0 0 0 0 -1 -1 0 0 0 0 0]
 [0 0 1 1 0 0 -1 -1 0 0 0 0 0 0 0 0 0]
 [0 0 0 0 1 0 1 0 0 0 0 0 0 1 0 1 1]
 [0 0 0 0 0 1 0 1 0 0 0 0 0 -1 0 -1 0]
 [0 0 0 0 0 0 0 0 1 0 1 0 0 0 1 1 1]
 [0 0 0 0 0 0 0 0 0 1 0 1 0 0 -1 -1 0]
 [0 0 0 0 0 0 0 0 0 0 0 0 1 1 1 1 1]]

Polymake reduced inequalities (homogeneous rhs in first column)
Each line describes one linear inequality.
The encoding is as follows: 
(a_0,a_1,...,a_d) is the inequality a_0 + a_1 x_1 + ... + a_d x_d >= 0.
[[ 1  1 -1 -1 -1 -1  0  0  0]
 [ 0 -1  0  0  1  1  0  0  0]
 [ 0 -1  1  1  0  0  0  0  0]
 [ 1  0 -1  0  0  0 -1  0 -1]
 [ 0  0  0 -1  0  0  1  0  1]
 [ 1  0  0  0 -1  0  0 -1 -1]
 [ 0  0  0  0  0 -1  0  1  1]
 [ 1  0  0  0  0  0 -1 -1 -1]]

dimension 8

Volume of Boole polytope
1/630

Volume of Kolmogorov polytope
17/10080

Volume ratio Boole:Kolmogorov
0.941176470588

Vertices of Kolmogorov polytope
1 0 0 0 0 0 0 0 1
1 0 0 0 0 0 0 1 0
1 0 0 0 0 0 1 0 0
1 1/2 1/2 0 1/2 0 1/2 1/2 0
1 1/2 0 1/2 0 1/2 1/2 1/2 0
1 0 0 0 0 0 0 0 0
1 1/2 1/2 0 0 1/2 0 0 1/2
1 1/2 0 1/2 1/2 0 0 0 1/2
1 0 0 1/2 0 1/2 0 0 1/2
1 0 1/2 0 1/2 0 0 0 1/2
1 0 1/2 0 0 1/2 1/2 1/2 0
1 0 0 1/2 1/2 0 1/2 1/2 0
1 1 1 0 1 0 0 0 0
1 0 0 0 1 0 0 0 0
1 0 1 0 0 0 0 0 0
1 0 0 1 0 0 1 0 0
1 0 0 0 0 1 0 1 0
1 0 0 0 1 0 1 0 0
1 0 1 0 0 0 0 1 0
1 1 0 1 0 1 0 0 1
1 1 0 1 1 0 1 0 0
1 1 1 0 0 1 0 1 0
1 0 0 1 0 0 0 0 1
1 0 0 0 0 1 0 0 1

Name of graph: 
paw

KC / sufficient statistics matrix
[[1 0 1 0 1 0 1 0 0 0 0 0 0 0 0 0]
 [0 1 0 1 0 1 0 1 0 0 0 0 0 0 0 0]
 [0 0 0 0 0 0 0 0 1 0 1 0 1 0 1 0]
 [0 0 0 0 0 0 0 0 0 1 0 1 0 1 0 1]
 [1 1 0 0 0 0 0 0 1 1 0 0 0 0 0 0]
 [0 0 1 1 0 0 0 0 0 0 1 1 0 0 0 0]
 [0 0 0 0 1 1 0 0 0 0 0 0 1 1 0 0]
 [0 0 0 0 0 0 1 1 0 0 0 0 0 0 1 1]
 [1 0 1 0 0 0 0 0 1 0 1 0 0 0 0 0]
 [0 1 0 1 0 0 0 0 0 1 0 1 0 0 0 0]
 [0 0 0 0 1 0 1 0 0 0 0 0 1 0 1 0]
 [0 0 0 0 0 1 0 1 0 0 0 0 0 1 0 1]
 [1 0 0 0 1 0 0 0 1 0 0 0 1 0 0 0]
 [0 1 0 0 0 1 0 0 0 1 0 0 0 1 0 0]
 [0 0 1 0 0 0 1 0 0 0 1 0 0 0 1 0]
 [0 0 0 1 0 0 0 1 0 0 0 1 0 0 0 1]]

Full set of equalities (non-homogeneous rhs for normalization)
[[-1 -1 -1 -1  1  1  1  1  0  0  0  0  0  0  0  0  0]
 [ 0  0  0  0 -1 -1  0  0  1  1  0  0  0  0  0  0  0]
 [-1  0 -1  0  0  0  0  0  1  0  1  0  0  0  0  0  0]
 [ 0 -1  0 -1  1  1  0  0 -1  0  0  1  0  0  0  0  0]
 [ 0  0  0  0 -1  0 -1  0  0  0  0  0  1  1  0  0  0]
 [-1  0 -1  0  0  0  0  0  0  0  0  0  1  0  1  0  0]
 [ 0 -1  0 -1  1  0  1  0  0  0  0  0 -1  0  0  1  0]
 [ 1  1  1  1  0  0  0  0  0  0  0  0  0  0  0  0  1]
 [ 0  0  0  0  1  1  1  1  0  0  0  0  0  0  0  0  1]
 [ 0  0  0  0  0  0  0  0  1  1  1  1  0  0  0  0  1]
 [ 0  0  0  0  0  0  0  0  0  0  0  0  1  1  1  1  1]]

Reduced equalities (non-homogeneous rhs)
[[1 0 1 0 0 0 0 0 0 0 0 0 0 1 0 1 1]
 [0 1 0 1 0 0 0 0 0 0 0 0 0 -1 0 -1 0]
 [0 0 0 0 1 0 0 -1 0 0 1 1 0 0 1 1 1]
 [0 0 0 0 0 1 0 1 0 0 0 0 0 0 -1 -1 0]
 [0 0 0 0 0 0 1 1 0 0 -1 -1 0 0 0 0 0]
 [0 0 0 0 0 0 0 0 1 0 1 0 0 1 0 1 1]
 [0 0 0 0 0 0 0 0 0 1 0 1 0 -1 0 -1 0]
 [0 0 0 0 0 0 0 0 0 0 0 0 1 1 1 1 1]]

Polymake reduced inequalities (homogeneous rhs in first column)
Each line describes one linear inequality.
The encoding is as follows: 
(a_0,a_1,...,a_d) is the inequality a_0 + a_1 x_1 + ... + a_d x_d >= 0.
[[ 1 -1  0  0  0  0 -1  0 -1]
 [ 0  0 -1  0  0  0  1  0  1]
 [ 1  0  0  1 -1 -1  0 -1 -1]
 [ 0  0  0 -1  0  0  0  1  1]
 [ 0  0  0 -1  1  1  0  0  0]
 [ 1  0  0  0 -1  0 -1  0 -1]
 [ 0  0  0  0  0 -1  1  0  1]
 [ 1  0  0  0  0  0 -1 -1 -1]]

dimension 8

Volume of Boole polytope
1/840

Volume of Kolmogorov polytope
73/40320

Volume ratio Boole:Kolmogorov
0.657534246575

Vertices of Kolmogorov polytope
1 0 0 0 0 0 1 0 0
1 0 1 0 0 0 1 0 0
1 1/2 0 1/2 0 1/2 1/2 1/2 0
1 0 0 1/2 0 1/2 1/2 1/2 0
1 1/2 1/2 1/2 0 1/2 1/2 1/2 0
1 0 1/2 1/2 0 1/2 1/2 1/2 0
1 1 0 0 0 0 0 0 0
1 0 0 0 0 0 0 0 0
1 0 1/2 1/2 1/2 0 0 0 1/2
1 1/2 1/2 1/2 1/2 0 0 0 1/2
1 0 0 1/2 1/2 0 0 0 1/2
1 1/2 0 1/2 1/2 0 0 0 1/2
1 0 1/2 0 0 1/2 0 0 1/2
1 1/2 1/2 0 0 1/2 0 0 1/2
1 0 0 0 0 1/2 0 0 1/2
1 1/2 0 0 0 1/2 0 0 1/2
1 0 1/2 0 1/2 0 1/2 1/2 0
1 0 0 0 1/2 0 1/2 1/2 0
1 1/2 1/2 0 1/2 0 1/2 1/2 0
1 1/2 0 0 1/2 0 1/2 1/2 0
1 1 0 0 1 0 0 0 0
1 0 0 0 1 0 0 0 0
1 0 0 0 0 0 0 1 0
1 1 0 0 0 0 0 1 0
1 0 0 1 1 0 0 1 0
1 1 0 1 1 0 0 1 0
1 0 1 0 0 0 0 0 1
1 0 1 0 0 1 1 0 0
1 0 1 1 0 1 0 0 1
1 0 0 1 0 1 0 0 1
1 0 0 0 0 1 1 0 0
1 0 0 0 0 0 0 0 1

Name of graph: 
diamond

KC / sufficient statistics matrix
[[1 1 0 0 1 1 0 0 0 0 0 0 0 0 0 0]
 [0 0 1 1 0 0 1 1 0 0 0 0 0 0 0 0]
 [0 0 0 0 0 0 0 0 1 1 0 0 1 1 0 0]
 [0 0 0 0 0 0 0 0 0 0 1 1 0 0 1 1]
 [1 0 1 0 1 0 1 0 0 0 0 0 0 0 0 0]
 [0 1 0 1 0 1 0 1 0 0 0 0 0 0 0 0]
 [0 0 0 0 0 0 0 0 1 0 1 0 1 0 1 0]
 [0 0 0 0 0 0 0 0 0 1 0 1 0 1 0 1]
 [1 1 0 0 0 0 0 0 1 1 0 0 0 0 0 0]
 [0 0 1 1 0 0 0 0 0 0 1 1 0 0 0 0]
 [0 0 0 0 1 1 0 0 0 0 0 0 1 1 0 0]
 [0 0 0 0 0 0 1 1 0 0 0 0 0 0 1 1]
 [1 0 1 0 0 0 0 0 1 0 1 0 0 0 0 0]
 [0 1 0 1 0 0 0 0 0 1 0 1 0 0 0 0]
 [0 0 0 0 1 0 1 0 0 0 0 0 1 0 1 0]
 [0 0 0 0 0 1 0 1 0 0 0 0 0 1 0 1]
 [1 0 0 0 1 0 0 0 1 0 0 0 1 0 0 0]
 [0 1 0 0 0 1 0 0 0 1 0 0 0 1 0 0]
 [0 0 1 0 0 0 1 0 0 0 1 0 0 0 1 0]
 [0 0 0 1 0 0 0 1 0 0 0 1 0 0 0 1]]

Full set of equalities (non-homogeneous rhs for normalization)
[[-1 -1  0  0  1  1  0  0  0  0  0  0  0  0  0  0  0  0  0  0  0]
 [ 0  0 -1 -1  0  0  1  1  0  0  0  0  0  0  0  0  0  0  0  0  0]
 [-1  0 -1  0  0  0  0  0  1  0  1  0  0  0  0  0  0  0  0  0  0]
 [ 0 -1  0 -1  0  0  0  0  0  1  0  1  0  0  0  0  0  0  0  0  0]
 [ 0  0  0  0  0  0  0  0 -1 -1  0  0  1  1  0  0  0  0  0  0  0]
 [ 0  0  0  0 -1  0 -1  0  0  0  0  0  1  0  1  0  0  0  0  0  0]
 [-1 -1 -1 -1  1  0  1  0  1  1  0  0 -1  0  0  1  0  0  0  0  0]
 [-1  0 -1  0  0  0  0  0  0  0  0  0  0  0  0  0  1  1  0  0  0]
 [ 0  0  0  0 -1  0 -1  0  0  0  0  0  0  0  0  0  1  0  1  0  0]
 [ 0 -1  0 -1  1  0  1  0  0  0  0  0  0  0  0  0 -1  0  0  1  0]
 [ 1  1  1  1  0  0  0  0  0  0  0  0  0  0  0  0  0  0  0  0  1]
 [ 0  0  0  0  1  1  1  1  0  0  0  0  0  0  0  0  0  0  0  0  1]
 [ 0  0  0  0  0  0  0  0  1  1  1  1  0  0  0  0  0  0  0  0  1]
 [ 0  0  0  0  0  0  0  0  0  0  0  0  1  1  1  1  0  0  0  0  1]
 [ 0  0  0  0  0  0  0  0  0  0  0  0  0  0  0  0  1  1  1  1  1]]

Reduced equalities (non-homogeneous rhs)
[[1 0 0 -1 0 0 1 1 0 0 0 0 0 0 0 0 0 0 1 1 1]
 [0 1 0 1 0 0 0 0 0 0 0 0 0 0 0 0 0 0 -1 -1 0]
 [0 0 1 1 0 0 -1 -1 0 0 0 0 0 0 0 0 0 0 0 0 0]
 [0 0 0 0 1 0 1 0 0 0 0 0 0 0 0 0 0 1 0 1 1]
 [0 0 0 0 0 1 0 1 0 0 0 0 0 0 0 0 0 -1 0 -1 0]
 [0 0 0 0 0 0 0 0 1 0 0 -1 0 0 1 1 0 0 1 1 1]
 [0 0 0 0 0 0 0 0 0 1 0 1 0 0 0 0 0 0 -1 -1 0]
 [0 0 0 0 0 0 0 0 0 0 1 1 0 0 -1 -1 0 0 0 0 0]
 [0 0 0 0 0 0 0 0 0 0 0 0 1 0 1 0 0 1 0 1 1]
 [0 0 0 0 0 0 0 0 0 0 0 0 0 1 0 1 0 -1 0 -1 0]
 [0 0 0 0 0 0 0 0 0 0 0 0 0 0 0 0 1 1 1 1 1]]

Polymake reduced inequalities (homogeneous rhs in first column)
Each line describes one linear inequality.
The encoding is as follows: 
(a_0,a_1,...,a_d) is the inequality a_0 + a_1 x_1 + ... + a_d x_d >= 0.
[[ 1  1 -1 -1  0  0  0  0 -1 -1]
 [ 0 -1  0  0  0  0  0  0  1  1]
 [ 0 -1  1  1  0  0  0  0  0  0]
 [ 1  0 -1  0  0  0  0 -1  0 -1]
 [ 0  0  0 -1  0  0  0  1  0  1]
 [ 1  0  0  0  1 -1 -1  0 -1 -1]
 [ 0  0  0  0 -1  0  0  0  1  1]
 [ 0  0  0  0 -1  1  1  0  0  0]
 [ 1  0  0  0  0 -1  0 -1  0 -1]
 [ 0  0  0  0  0  0 -1  1  0  1]
 [ 1  0  0  0  0  0  0 -1 -1 -1]]

dimension 9

Volume of Boole polytope
1/4536

Volume of Kolmogorov polytope
1/2016

Volume ratio Boole:Kolmogorov
0.444444444444

Vertices of Kolmogorov polytope
1 0 0 0 0 0 1 1 0 0
1 1/2 0 1/2 0 1/2 0 1/2 1/2 0
1 1/2 0 1/2 1/2 1/2 1/2 1/2 1/2 0
1 1/2 0 1/2 0 0 1/2 1/2 1/2 0
1 1/2 1/2 0 0 0 1/2 0 0 1/2
1 1/2 1/2 0 1/2 1/2 1/2 0 0 1/2
1 1/2 1/2 0 0 1/2 0 0 0 1/2
1 0 0 0 0 1 0 0 0 0
1 1/2 1/2 0 0 1/2 0 1/2 1/2 0
1 0 0 0 0 1/2 0 1/2 1/2 0
1 0 0 0 0 0 1/2 0 0 1/2
1 1/2 0 1/2 0 0 1/2 0 0 1/2
1 1/2 1/2 0 1/2 1/2 0 0 0 1/2
1 0 0 0 1/2 1/2 0 0 0 1/2
1 1/2 0 1/2 1/2 1/2 0 0 0 1/2
1 1/2 1/2 0 1/2 0 1/2 0 0 1/2
1 1/2 1/2 0 0 0 0 0 0 1/2
1 0 0 0 0 0 0 0 0 0
1 1/2 0 1/2 0 0 0 1/2 1/2 0
1 1/2 0 1/2 1/2 0 1/2 1/2 1/2 0
1 0 0 0 1/2 0 1/2 1/2 1/2 0
1 1/2 1/2 0 1/2 0 1/2 1/2 1/2 0
1 1/2 0 1/2 1/2 1/2 0 1/2 1/2 0
1 0 0 0 0 0 0 1 0 0
1 0 0 1/2 0 0 0 0 0 1/2
1 0 0 1/2 1/2 0 1/2 0 0 1/2
1 0 1/2 0 0 0 0 1/2 1/2 0
1 0 1/2 0 1/2 1/2 0 1/2 1/2 0
1 0 1/2 0 0 0 1/2 1/2 1/2 0
1 0 1/2 0 1/2 1/2 1/2 1/2 1/2 0
1 0 0 1/2 0 1/2 0 0 0 1/2
1 0 0 1/2 1/2 1/2 1/2 0 0 1/2
1 0 0 1 0 0 0 1 0 0
1 0 1/2 0 1/2 0 1/2 1/2 1/2 0
1 0 0 1/2 1/2 0 1/2 1/2 1/2 0
1 1/2 1/2 1/2 1/2 0 1/2 1/2 1/2 0
1 0 1 0 0 0 0 0 0 0
1 1/2 1/2 1/2 1/2 1/2 0 0 0 1/2
1 0 0 1/2 1/2 1/2 0 0 0 1/2
1 0 1/2 0 1/2 1/2 0 0 0 1/2
1 1/2 1/2 1/2 0 0 1/2 0 0 1/2
1 0 0 1/2 0 0 1/2 0 0 1/2
1 0 1/2 0 0 0 1/2 0 0 1/2
1 0 1/2 0 0 1/2 0 1/2 1/2 0
1 0 0 1/2 0 1/2 0 1/2 1/2 0
1 1/2 1/2 1/2 0 1/2 0 1/2 1/2 0
1 0 1 0 0 1 0 0 0 0
1 0 0 0 0 0 0 0 1 0
1 1 1 0 0 0 0 0 1 0
1 0 0 0 1 1 0 0 1 0
1 1 0 1 1 0 1 0 0 1
1 1 0 1 0 0 0 0 0 1
1 1 1 0 1 1 0 0 1 0
1 0 0 1 0 0 1 1 0 0
1 0 0 0 1 0 1 0 0 1
1 0 0 0 0 0 0 0 0 1

Name of graph: 
K4

KC / sufficient statistics matrix
[[1 1 1 1 0 0 0 0 0 0 0 0 0 0 0 0]
 [0 0 0 0 1 1 1 1 0 0 0 0 0 0 0 0]
 [0 0 0 0 0 0 0 0 1 1 1 1 0 0 0 0]
 [0 0 0 0 0 0 0 0 0 0 0 0 1 1 1 1]
 [1 1 0 0 1 1 0 0 0 0 0 0 0 0 0 0]
 [0 0 1 1 0 0 1 1 0 0 0 0 0 0 0 0]
 [0 0 0 0 0 0 0 0 1 1 0 0 1 1 0 0]
 [0 0 0 0 0 0 0 0 0 0 1 1 0 0 1 1]
 [1 0 1 0 1 0 1 0 0 0 0 0 0 0 0 0]
 [0 1 0 1 0 1 0 1 0 0 0 0 0 0 0 0]
 [0 0 0 0 0 0 0 0 1 0 1 0 1 0 1 0]
 [0 0 0 0 0 0 0 0 0 1 0 1 0 1 0 1]
 [1 1 0 0 0 0 0 0 1 1 0 0 0 0 0 0]
 [0 0 1 1 0 0 0 0 0 0 1 1 0 0 0 0]
 [0 0 0 0 1 1 0 0 0 0 0 0 1 1 0 0]
 [0 0 0 0 0 0 1 1 0 0 0 0 0 0 1 1]
 [1 0 1 0 0 0 0 0 1 0 1 0 0 0 0 0]
 [0 1 0 1 0 0 0 0 0 1 0 1 0 0 0 0]
 [0 0 0 0 1 0 1 0 0 0 0 0 1 0 1 0]
 [0 0 0 0 0 1 0 1 0 0 0 0 0 1 0 1]
 [1 0 0 0 1 0 0 0 1 0 0 0 1 0 0 0]
 [0 1 0 0 0 1 0 0 0 1 0 0 0 1 0 0]
 [0 0 1 0 0 0 1 0 0 0 1 0 0 0 1 0]
 [0 0 0 1 0 0 0 1 0 0 0 1 0 0 0 1]]

Full set of equalities (non-homogeneous rhs for normalization)
[[-1 -1  0  0  1  1  0  0  0  0  0  0  0  0  0  0  0  0  0  0  0  0  0  0
   0]
 [ 0  0 -1 -1  0  0  1  1  0  0  0  0  0  0  0  0  0  0  0  0  0  0  0  0
   0]
 [-1 -1  0  0  0  0  0  0  1  1  0  0  0  0  0  0  0  0  0  0  0  0  0  0
   0]
 [ 0  0 -1 -1  0  0  0  0  0  0  1  1  0  0  0  0  0  0  0  0  0  0  0  0
   0]
 [-1  0 -1  0  0  0  0  0  0  0  0  0  1  1  0  0  0  0  0  0  0  0  0  0
   0]
 [ 0  0  0  0 -1  0 -1  0  0  0  0  0  1  0  1  0  0  0  0  0  0  0  0  0
   0]
 [ 0 -1  0 -1  1  0  1  0  0  0  0  0 -1  0  0  1  0  0  0  0  0  0  0  0
   0]
 [-1  0 -1  0  0  0  0  0  0  0  0  0  0  0  0  0  1  1  0  0  0  0  0  0
   0]
 [ 0  0  0  0  0  0  0  0 -1  0 -1  0  0  0  0  0  1  0  1  0  0  0  0  0
   0]
 [ 0 -1  0 -1  0  0  0  0  1  0  1  0  0  0  0  0 -1  0  0  1  0  0  0  0
   0]
 [ 0  0  0  0 -1  0 -1  0  0  0  0  0  0  0  0  0  0  0  0  0  1  1  0  0
   0]
 [ 0  0  0  0  0  0  0  0 -1  0 -1  0  0  0  0  0  0  0  0  0  1  0  1  0
   0]
 [-1 -1 -1 -1  1  0  1  0  1  0  1  0  0  0  0  0  0  0  0  0 -1  0  0  1
   0]
 [ 1  1  1  1  0  0  0  0  0  0  0  0  0  0  0  0  0  0  0  0  0  0  0  0
   1]
 [ 0  0  0  0  1  1  1  1  0  0  0  0  0  0  0  0  0  0  0  0  0  0  0  0
   1]
 [ 0  0  0  0  0  0  0  0  1  1  1  1  0  0  0  0  0  0  0  0  0  0  0  0
   1]
 [ 0  0  0  0  0  0  0  0  0  0  0  0  1  1  1  1  0  0  0  0  0  0  0  0
   1]
 [ 0  0  0  0  0  0  0  0  0  0  0  0  0  0  0  0  1  1  1  1  0  0  0  0
   1]
 [ 0  0  0  0  0  0  0  0  0  0  0  0  0  0  0  0  0  0  0  0  1  1  1  1
   1]]

Reduced equalities (non-homogeneous rhs)
[[1 0 0 -1 0 0 0 0 0 0 1 1 0 0 0 0 0 0 1 1 0 0 0 0 1]
 [0 1 0 1 0 0 0 0 0 0 0 0 0 0 0 0 0 0 -1 -1 0 0 0 0 0]
 [0 0 1 1 0 0 0 0 0 0 -1 -1 0 0 0 0 0 0 0 0 0 0 0 0 0]
 [0 0 0 0 1 0 0 -1 0 0 1 1 0 0 0 0 0 0 0 0 0 0 1 1 1]
 [0 0 0 0 0 1 0 1 0 0 0 0 0 0 0 0 0 0 0 0 0 0 -1 -1 0]
 [0 0 0 0 0 0 1 1 0 0 -1 -1 0 0 0 0 0 0 0 0 0 0 0 0 0]
 [0 0 0 0 0 0 0 0 1 0 1 0 0 0 0 0 0 0 0 0 0 1 0 1 1]
 [0 0 0 0 0 0 0 0 0 1 0 1 0 0 0 0 0 0 0 0 0 -1 0 -1 0]
 [0 0 0 0 0 0 0 0 0 0 0 0 1 0 0 -1 0 0 1 1 0 0 1 1 1]
 [0 0 0 0 0 0 0 0 0 0 0 0 0 1 0 1 0 0 0 0 0 0 -1 -1 0]
 [0 0 0 0 0 0 0 0 0 0 0 0 0 0 1 1 0 0 -1 -1 0 0 0 0 0]
 [0 0 0 0 0 0 0 0 0 0 0 0 0 0 0 0 1 0 1 0 0 1 0 1 1]
 [0 0 0 0 0 0 0 0 0 0 0 0 0 0 0 0 0 1 0 1 0 -1 0 -1 0]
 [0 0 0 0 0 0 0 0 0 0 0 0 0 0 0 0 0 0 0 0 1 1 1 1 1]]

Polymake reduced inequalities (homogeneous rhs in first column)
Each line describes one linear inequality.
The encoding is as follows: 
(a_0,a_1,...,a_d) is the inequality a_0 + a_1 x_1 + ... + a_d x_d >= 0.
[[ 1  1  0 -1 -1  0 -1 -1  0  0  0]
 [ 0 -1  0  0  0  0  1  1  0  0  0]
 [ 0 -1  0  1  1  0  0  0  0  0  0]
 [ 1  0  1 -1 -1  0  0  0  0 -1 -1]
 [ 0  0 -1  0  0  0  0  0  0  1  1]
 [ 0  0 -1  1  1  0  0  0  0  0  0]
 [ 1  0  0 -1  0  0  0  0 -1  0 -1]
 [ 0  0  0  0 -1  0  0  0  1  0  1]
 [ 1  0  0  0  0  1 -1 -1  0 -1 -1]
 [ 0  0  0  0  0 -1  0  0  0  1  1]
 [ 0  0  0  0  0 -1  1  1  0  0  0]
 [ 1  0  0  0  0  0 -1  0 -1  0 -1]
 [ 0  0  0  0  0  0  0 -1  1  0  1]
 [ 1  0  0  0  0  0  0  0 -1 -1 -1]]

dimension 10

Volume of Boole polytope
1/28350

Volume of Kolmogorov polytope
1/6720

Volume ratio Boole:Kolmogorov
0.237037037037

Vertices of Kolmogorov polytope
1 0 0 0 0 0 0 0 0 0 1
1 1/2 0 0 1/2 0 1/2 0 1/2 1/2 0
1 1/2 1/2 0 1/2 1/2 1/2 0 0 1/2 1/2
1 0 0 0 0 0 0 0 0 1 0
1 1/2 0 1/2 0 0 0 1/2 1/2 1/2 0
1 1/2 1/2 1/2 0 1/2 0 1/2 0 1/2 1/2
1 1/2 0 1/2 0 0 0 1/2 0 0 1/2
1 1/2 0 0 1/2 0 1/2 0 0 0 1/2
1 1/2 0 1/2 0 0 1/2 0 1/2 1/2 0
1 1/2 0 0 1/2 0 0 1/2 0 0 1/2
1 1/2 0 1/2 0 1/2 1/2 0 0 0 1/2
1 1/2 0 0 1/2 1/2 1/2 0 0 0 1/2
1 1/2 0 1/2 0 1/2 0 1/2 0 0 1/2
1 1/2 0 0 1/2 1/2 0 1/2 1/2 1/2 0
1 1/2 0 1/2 0 1/2 0 1/2 1/2 1/2 0
1 1/2 0 0 1/2 1/2 1/2 0 1/2 1/2 0
1 1/2 0 1/2 0 1/2 1/2 0 1/2 1/2 0
1 1/2 0 0 1/2 1/2 0 1/2 1/2 0 1/2
1 0 0 1/2 0 0 0 0 1/2 1/2 0
1 0 0 0 1/2 0 0 0 0 0 1/2
1 1/2 0 0 1/2 1/2 0 1/2 0 0 1/2
1 1/2 0 1/2 0 1/2 1/2 0 0 1/2 0
1 0 0 0 0 0 0 0 1 0 0
1 1/2 1/2 0 1/2 1/2 1/2 0 1/2 1/2 0
1 1/2 1/2 1/2 0 1/2 0 1/2 1/2 1/2 0
1 0 0 0 0 1/2 0 1/2 1/2 1/2 0
1 0 1/2 0 1/2 0 0 0 1/2 1/2 0
1 1/2 1/2 0 1/2 1/2 0 1/2 1/2 1/2 0
1 0 0 0 0 0 0 0 0 0 0
1 0 1/2 1/2 0 0 0 0 0 0 1/2
1 1/2 1/2 1/2 0 1/2 0 1/2 0 0 1/2
1 1/2 0 1/2 0 0 0 1/2 1/2 0 0
1 1/2 1/2 0 1/2 1/2 1/2 0 0 0 1/2
1 1/2 0 0 1/2 0 1/2 0 1/2 0 0
1 0 0 0 0 1/2 1/2 0 0 0 1/2
1 1/2 1/2 1/2 0 1/2 1/2 0 0 0 1/2
1 1/2 1/2 1/2 0 0 1/2 0 0 1/2 0
1 1/2 1/2 0 1/2 0 0 1/2 0 0 1/2
1 0 0 0 0 0 0 1/2 0 0 1/2
1 0 0 0 0 0 1/2 0 1/2 1/2 0
1 1/2 1/2 1/2 0 0 1/2 0 1/2 1/2 0
1 1/2 1/2 0 1/2 0 0 1/2 1/2 0 1/2
1 1/2 1/2 1/2 0 0 1/2 0 0 0 1/2
1 1/2 1/2 0 1/2 0 1/2 0 0 0 1/2
1 1/2 1/2 1/2 0 0 0 1/2 0 0 1/2
1 1/2 1/2 0 1/2 0 0 1/2 1/2 1/2 0
1 1/2 1/2 1/2 0 0 0 1/2 1/2 1/2 0
1 1/2 1/2 0 1/2 0 1/2 0 1/2 1/2 0
1 0 1/2 1/2 0 1/2 1/2 0 0 1/2 0
1 0 1/2 0 1/2 1/2 0 1/2 0 0 1/2
1 0 0 0 1/2 0 0 1/2 1/2 0 0
1 0 0 1/2 0 0 1/2 0 1/2 0 0
1 0 1/2 1/2 0 1/2 1/2 0 1/2 1/2 0
1 0 1/2 0 1/2 1/2 0 1/2 1/2 0 1/2
1 0 0 1/2 0 0 1/2 0 0 1/2 0
1 0 0 1/2 0 0 1/2 0 0 0 1/2
1 0 1/2 1/2 0 1/2 1/2 0 0 1/2 1/2
1 0 1/2 0 1/2 1/2 0 1/2 0 1/2 1/2
1 0 0 0 1/2 0 0 1/2 1/2 1/2 0
1 0 0 0 1/2 0 0 1/2 1/2 0 1/2
1 0 0 0 0 0 0 1 1 0 0
1 0 1/2 0 1/2 0 1/2 0 1/2 1/2 0
1 1/2 1/2 0 1/2 1/2 1/2 1/2 1/2 1/2 0
1 0 1/2 0 1/2 0 0 1/2 1/2 1/2 0
1 0 1/2 1/2 0 0 0 1/2 0 0 1/2
1 1/2 1/2 1/2 0 1/2 1/2 1/2 0 0 1/2
1 0 1/2 1/2 0 0 1/2 0 0 0 1/2
1 0 0 0 0 0 1 0 0 0 0
1 0 1/2 1/2 0 0 1/2 0 1/2 1/2 0
1 0 1/2 0 1/2 0 0 1/2 0 0 1/2
1 0 1/2 1/2 0 1/2 1/2 0 0 0 1/2
1 0 1/2 0 1/2 1/2 1/2 0 0 0 1/2
1 0 1/2 1/2 0 1/2 0 1/2 0 0 1/2
1 0 1/2 0 1/2 1/2 0 1/2 1/2 1/2 0
1 0 1/2 1/2 0 1/2 0 1/2 1/2 1/2 0
1 0 1/2 0 1/2 1/2 1/2 0 1/2 1/2 0
1 0 0 0 1/2 1/2 0 1/2 0 0 1/2
1 0 0 1/2 0 1/2 1/2 0 1/2 1/2 0
1 0 0 1/2 0 0 0 1/2 1/2 1/2 0
1 1/2 0 0 1/2 1/2 1/2 1/2 0 0 1/2
1 1/2 0 1/2 0 1/2 1/2 1/2 1/2 1/2 0
1 0 0 0 1/2 0 1/2 0 0 0 1/2
1 0 0 0 1 0 0 0 1 0 0
1 0 0 1/2 0 1/2 0 1/2 1/2 1/2 0
1 0 0 0 1/2 1/2 0 1/2 1/2 1/2 0
1 1/2 1/2 1/2 1/2 1/2 0 1/2 1/2 1/2 0
1 0 0 1 0 0 0 0 0 0 0
1 1/2 1/2 1/2 1/2 1/2 1/2 0 0 0 1/2
1 0 0 0 1/2 1/2 1/2 0 0 0 1/2
1 0 0 1/2 0 1/2 1/2 0 0 0 1/2
1 1/2 1/2 1/2 1/2 0 0 1/2 0 0 1/2
1 0 0 0 1/2 0 0 1/2 0 0 1/2
1 0 0 1/2 0 0 0 1/2 0 0 1/2
1 0 0 1/2 0 0 1/2 0 1/2 1/2 0
1 0 0 0 1/2 0 1/2 0 1/2 1/2 0
1 1/2 1/2 1/2 1/2 0 1/2 0 1/2 1/2 0
1 1 0 1 0 0 1 0 0 0 0
1 0 1 1 0 0 0 0 0 1 0
1 0 0 0 0 1 1 0 0 1 0
1 1 0 0 1 0 0 1 1 0 0
1 1 1 1 0 1 1 0 0 1 0
1 1 1 0 1 1 0 1 0 0 1
1 0 1 0 1 0 0 0 0 0 1
1 0 0 0 0 1 0 1 0 0 1

